1.515204161310045947e+02 5.539201656102789428e+01
-9.777177885623301279e+01 5.808228359634782834e+01
-1.127066201484360590e+02 -4.522557971560885903e+01
9.880901306050321864e+01 -9.143823466375864939e+01
3.867109680999469834e+00 1.188455275414954144e+02
1.163638667479206816e+02 -1.095398783383807029e+02
1.396424502375388386e+02 8.316293932804282463e+01
-9.264139270151416383e+01 7.844248433664876075e+01
-1.178250003837183897e+02 -8.080534317041301051e+01
5.844590777000471604e+01 -1.091266957237366881e+02
1.521019598854279486e+01 9.871679789078238798e+01
-2.279066101962536806e+01 -4.449751513217596255e+01
1.166259854393036761e+02 5.107217633560725289e+01
-1.101101616368230225e+02 8.111603520531554068e+01
-1.142751720476252046e+02 -4.888177930801355586e+01
-4.938020527816279426e+00 -9.881306773292857315e+01
-9.144366837589425145e+00 1.250582855793904855e+02
-3.832605648803001230e+01 -4.577103778855092031e+01
1.538330483472480239e+02 7.331837521853677231e+01
2.384315664753072639e+01 -5.182722991775665378e+01
2.504113673601283097e+01 -3.871378357976108475e+01
2.105891250422595817e+01 -4.396701283013299388e+01
8.638602988431283336e+01 8.511954871011101886e+01
1.450929232106178368e+01 8.830861385768594118e+01
-9.476609252954949625e+01 7.886222393097271777e+01
7.907534743652944087e+01 -1.154398848646947044e+02
6.071208241682021445e+00 -3.262672235293266709e+01
-1.056642276944924390e+02 7.992629609509330635e+01
1.409060829195732651e+02 6.566640780562897817e+01
1.372139555500840515e+02 3.829627483113857522e+01
-1.286298112391870632e+02 -5.758444799096730549e+01
-8.576682379219342067e+01 -6.784528285382384638e+01
-1.042756730684654229e+02 -6.258921053162244874e+01
1.110346797857663432e+02 6.363650033830992925e+01
-1.105570171464750189e+02 7.457941210821459777e+01
-1.096941672758289599e+02 -4.205609835039003030e+01
4.016622414348974957e+01 -1.136421396397561381e+02
7.555762624178555598e+01 -1.151388385844556410e+02
5.369720762372340772e+01 -1.105172595248333920e+02
3.836464880806882149e+01 -1.054166754156436809e+02
9.917245634487159123e+00 1.013752805078059964e+02
-2.621117044434520693e+01 8.734771360219781400e+01
-1.146470911908692187e+02 8.041445503118204385e+01
-2.712521664870277682e+00 -5.060031579626424048e+01
1.135379323371447242e+02 5.416043116650065059e+01
5.370440138015685960e+01 -4.522774322170027972e+01
-1.006708541003060162e+02 -6.038199171018218436e+01
-1.047061169791308117e+02 -6.317768167051209360e+01
1.537173573774473141e+02 4.395816867474864154e+01
1.375849629151012721e+02 3.631394790144770468e+01
-1.166616688169385014e+02 8.110088365213269412e+01
1.961824469215627786e+01 -1.066252219964340640e+02
-1.190932672813618893e+02 -2.965056692822890838e+01
-8.919149958540141654e+01 8.353747599052047690e+01
-5.522265087114839588e+01 7.023665410918269458e+01
3.905091844807687096e+01 -1.210318618922577798e+02
-9.380889254024170043e+01 7.966916048414529428e+01
2.109207326725848475e+01 -9.542120193993135047e+01
-9.462199683454751664e+01 6.888080438833044639e+01
-1.767584721835190553e+00 1.144647066586025232e+02
3.532787688165156226e+01 -1.036893234734728395e+02
-1.030048310601057722e+02 3.489772334876681015e+01
-8.623274570743562073e-01 1.168382757602391422e+02
1.168978912791382925e+02 6.266420989120879881e+01
2.608065046941991127e+01 -3.817170323648074515e+01
1.250111978256905232e+01 -7.637889271673941494e+01
-9.175416949468977634e+01 8.203533641078593064e+01
-6.916073128450018537e+00 -4.453231895363212800e+01
-3.707214172656070872e+01 8.395842432970964353e+01
-2.451403885176056008e+01 8.981944002994534060e+01
-1.252099255327994172e+02 -4.864735576260969907e+01
-1.098510393279279498e+02 -6.754282737772130929e+01
-1.095327629674508216e+02 -6.809021677138410666e+01
-3.042267718273230770e+01 -4.238209707333408005e+01
3.640133888868053447e+01 -4.474945778409838226e+01
-3.790233397912582802e+01 6.677685051740213851e+01
2.754483016201195511e+00 8.653479907131780635e+01
9.957943431491905528e+01 6.491718399101192460e+01
1.266037372627925208e+02 5.840849626742906509e+01
-1.172269260623447025e+02 1.018395994288189428e+02
-1.080306732895192852e+02 -1.607337924907225002e+01
2.102386590161955837e+01 -1.049589410667595359e+02
-5.486300840873010998e+01 8.661549417170796517e+01
-2.810222275533714864e+01 -4.688789335779696898e+01
1.284159558724888370e+02 6.109053182628702672e+01
-8.811148178321222701e+01 8.677340019667424542e+01
-1.139724938739393991e+02 -1.772270072749732961e+01
4.461748268899777514e+01 -1.119817022247740397e+02
-6.209944929088641175e+01 1.023856265268407810e+02
1.298817452965305108e+01 -4.371321081791592178e+01
1.182205320354050428e+02 5.102936657544116628e+01
-1.019812747326834312e+02 9.238040295422962345e+01
-9.904601101341536662e+01 -5.994093231765762653e+01
7.760417644327890940e+00 -9.622419413727762105e+01
-4.959056690963056013e+01 1.014406151712376385e+02
-5.331119593641872001e+01 -4.329828028342272006e+01
1.066881374497445591e+02 7.463008652268700871e+01
-1.013524052391745123e+01 -4.358569736778527925e+01
-5.180726882388606924e+01 -4.508738047749685052e+01
-4.322551613147415850e+01 -3.764313711561081988e+01
1.243744907193617166e+02 7.233997533837599292e+01
-6.763441428458821747e+01 1.144175785686977491e+02
-1.230423013588010832e+02 9.119415067246723083e+01
3.452211871830116507e+01 -9.724659012163786542e+01
-5.669842467342972370e+00 -4.275787630411807783e+01
-1.154158643947520630e+02 1.013343360664730852e+02
1.373489441473009833e+02 3.797873001950507188e+01
9.679621805858739947e+01 6.738686244201880982e+01
-1.007818524759143912e+02 4.144590903413391536e-01
-1.123428378686885765e+02 -2.069206789178869599e+01
-1.202269649412677381e+02 -2.119679662087221672e+01
1.144313517347450073e+02 5.083579370764590522e+01
-1.236601220909522851e+02 8.708094371598899386e+01
-1.064127785733796259e+02 2.708236520308482831e+00
3.497007126825483425e+01 -1.183483235795603719e+02
4.806493576614934682e+01 -1.099021945786721659e+02
2.095881735721142292e+01 -9.745069907405539311e+01
6.437424890009943113e+01 -1.071923851364002331e+02
-3.603606656146994425e+01 1.198038134440179050e+02
-5.505407247634230572e+01 1.203544245101441135e+02
-7.703619856215787820e+01 7.709999992166949312e+01
-2.304949251581957981e+01 -4.890405865426355803e+01
1.232113450664741663e+02 3.272676583498748926e+01
-4.751862486016611342e+01 -4.193512596842129625e+01
-1.117903892443724914e+02 -6.827751075956564364e+01
-1.103762520655901227e+02 -1.667402666009409273e+01
1.071199366671971944e+02 6.581652237559045204e+01
1.158307808560450809e+02 6.117861349561636075e+01
-1.051982719059682552e+02 9.011565155857148568e+01
2.139717431360744371e+01 -1.075816310049160194e+02
-1.031976841814812929e+02 -3.197154553579726777e+00
-8.635626750972176069e+01 7.376119105243381568e+01
2.390223188514485386e+01 -1.101832875928380844e+02
-9.971134331810546314e+01 9.673304313873897797e+01
4.606937471226000724e+01 -1.000857075415670039e+02
-1.108360400970327362e+02 7.977688986725914333e+01
-6.780941125606642572e+01 1.110690901981611631e+02
9.064261207829934719e+00 -1.006757666581313089e+02
-8.945432631241827437e+01 8.176456563481261242e+01
-6.520888887759724639e+01 1.074341279129402267e+02
1.425322498657288861e+02 3.424330685174076194e+01
-3.755742571725875933e+01 -3.289501672088785256e+01
-1.377066536583632583e+01 -1.044608788434419182e+02
-1.089498980526648779e+02 8.754233501554953989e+01
-4.895784024499546661e+01 -4.332008142803492490e+01
-5.155594396836117710e+01 1.197836382521138603e+02
-5.714659832260783645e+01 1.112518653353293416e+02
-1.324663089993272820e+02 -2.406897463876188681e+01
-1.302824286155552045e+02 -1.571273283516355868e+01
-8.962223710809050203e+01 4.703174383864842767e+00
-3.318212179521470517e+01 -2.231808226526391792e+01
-2.098569603611796097e+01 -3.861865075591401819e+01
-5.268344980863768967e+01 1.067007727776517640e+02
-6.162737993459462871e+01 1.019632509460196843e+02
1.114767719762712943e+02 5.041461056950237207e+01
1.225132117705335872e+02 8.432030428078802231e+01
-1.044873907475745227e+02 2.773764667826825914e+01
-1.005072864674885551e+02 -3.874027131065678731e+01
1.041662867556757845e+02 -9.744228526829112980e+01
-2.365547965566661404e+01 8.370033624671968653e+01
7.343378631127153255e+01 -6.442128355071142209e+01
1.273837422498142189e+02 4.588799076061576443e+01
-8.917876550027108351e+01 4.190279500875421803e+01
-1.038346523404132142e+02 -3.358034192631652814e+01
8.929303294610909347e+01 -1.090665858709769225e+02
-1.143455315722702537e+01 8.630499145706173181e+01
-3.402211330232304931e+00 -4.204253676359586933e+01
1.345858704693865207e+02 8.003495623046755725e+01
-1.051861370880637168e+02 -1.555726762346985037e-01
-1.184220607547493813e+02 -4.093106979511701127e+01
8.582228465476565304e+01 -1.086726668265149556e+02
-5.012695945470112768e+00 7.934349803005284230e+01
2.999147626122293175e+01 -5.527580211493141604e+01
1.398380848137875319e+02 8.146281041323295824e+01
5.529498289093621821e+01 -4.636431312453387221e+01
4.648265134782539576e+01 -3.547721901224040408e+01
6.157988688243457176e+01 -4.368085104553599507e+01
1.410214363093605527e+02 9.707212395050123632e+01
3.493864423271091812e+00 9.259929473211127515e+01
-1.033676773520162726e+02 2.584367504451019570e+01
7.486882531356449988e+01 -1.102584238290113774e+02
4.561365816749329838e+01 -5.924964142417460522e+01
-1.141056744667757101e+02 3.097516753775266807e+01
1.544299370491636409e+02 5.682309575313455952e+01
1.382210908258540201e+02 7.800445761503505082e+01
-1.210960762163988704e+02 -1.908928290420421803e+01
-1.070737022608303874e+02 -2.644783909228634755e+01
-9.576163548097936484e+01 -2.711304116469375103e+01
1.405469421298000157e+02 6.419961075615421464e+01
-7.624015823092987887e+01 7.681591569075661141e+01
-1.124490042625987769e+02 -3.918449855148890748e+01
1.097428038884629444e+02 -9.702604023697678315e+01
5.136897015120543841e+01 -1.109161617167556670e+02
8.564358078846204592e+01 -1.139104271915763036e+02
8.490881231180435407e+01 -1.103954363821656557e+02
-9.834760248419646800e+00 9.317489231839823560e+01
3.196268246386433365e+00 9.636520884048161406e+01
-9.750487537327059329e+01 2.774323417073557962e+01
-1.788655498965307800e+01 -2.587684217917858476e+01
1.212987488260606739e+02 7.336462574434919759e+01
5.451693895438546633e+01 -4.957282033880113659e+01
-1.054464416352333700e+02 -2.896054302778069456e+01
-1.292839537409747948e+02 -4.013381084352000983e+01
1.375118871466650319e+02 8.241480008558056625e+01
1.246862370158918196e+02 7.553338709662183703e+01
-1.049205228971312494e+02 1.819227328898103835e+01
9.109055965343307548e+01 -1.047480995557865953e+02
-1.191760756820648055e+02 -3.347457080173440147e+01
-1.019366818613822829e+02 7.192757173943228111e+00
-1.112095246982529950e+01 9.057909894303759302e+01
5.750572781774631892e+01 -1.024953196656713317e+02
-1.037395803127633513e+02 2.219717342017185757e+01
8.914555719852494065e+01 -9.383621000296682269e+01
-1.025193438049619061e+02 4.468234042163809505e+01
1.171259599576370647e+01 9.471209021722971499e+01
1.002197602533579897e+02 -1.032622079974593277e+02
-1.064858061055238636e+02 5.024006626407993537e+01
-2.305359445529841622e+01 7.812048830988850057e+01
1.329914892357501799e+02 5.789154072504150861e+01
5.776804347344776858e+01 -5.123465708512134853e+01
7.194540460139243976e+01 -1.085038756767108623e+02
-1.087916692909399785e+02 3.410021695522240748e+01
2.440687442612932045e+01 -5.063610873551785119e+01
1.566232772474423740e+01 1.094764026197347278e+02
-6.912728573792570330e+00 8.673554554079191803e+01
-1.049477269794250418e+02 -3.592851504194513979e+01
-1.324349416741642358e+02 -4.591870325648525153e+01
-1.176282506810017878e+02 -3.584960927188338786e+01
6.349621185468205908e+01 -5.736676092502772661e+01
-2.002514607267666946e+01 -4.328503078012407457e+01
3.859432732119120746e-01 9.360465304174489631e+01
1.871124732938191038e+00 8.730672726675796014e+01
1.280852122765563763e+02 6.001977938216228381e+01
4.072073781168212747e+01 -1.020180259052936123e+02
1.497115906575182862e+02 2.385397681043562557e+01
-1.404716708452154705e+02 9.623658824758702224e+01
-1.221963431689456172e+02 -6.014544235338498623e+01
7.009332805066145511e+01 -1.153183841505966001e+02
-3.045479979520863623e+01 1.137064740410339141e+02
6.499741041480037040e+01 -5.729776335457377456e+01
1.461599143750145799e+02 4.159114590214358032e+01
-1.168870997505623137e+02 7.385380083855378075e+01
-1.288863052506390829e+02 -9.054985025574852386e+01
1.310774060129346310e+02 -9.916292405000774579e+01
-1.801990854032853306e+01 8.259259058515341678e+01
4.895867489511958581e+01 -4.056545888580787107e+01
1.226423768785602277e+02 3.261296849938730702e+01
-1.260383764048031310e+02 8.277544310162306829e+01
-1.208461163865047610e+02 -4.393755332455312157e+01
1.306512348658635290e+02 -5.080024961288622620e+01
-3.425623092930489122e+01 1.056471258759605121e+02
5.499653566369207880e+01 -3.819762919260232081e+01
1.235457554756050342e+02 7.782225900957263320e+01
6.063534661643932822e+01 -7.792112287024303896e+01
3.102548721479967497e+01 -3.029545121082554004e+01
1.003820014024492764e+02 -7.332244374020817190e+01
1.431176306307028767e+02 3.281845602098932346e+01
-3.847678032068422738e+01 8.934047017401614710e+01
-1.240746034493972871e+02 8.209049510503412250e+01
1.166855806118187218e+02 -9.701514716674607541e+01
6.710707469353442889e+01 -4.028486571538142869e+01
-1.165726425427693016e+02 7.827379769578504920e+01
1.365032370319411825e+02 3.797592297274916007e+01
1.249458569346017072e+02 4.431610638566049687e+01
-1.303944151985461417e+02 -8.765699031417072717e+01
-1.359868140278038311e+02 -5.326449132118030150e+01
-1.343872238587887580e+02 -6.381962841899327543e+01
1.536908241985342158e+02 4.235464009917600237e+01
4.369388314822859609e-01 -1.325734809953993620e+00
-1.235870107912124496e+02 -1.014005243979109281e+02
1.088470188375328718e+02 -9.701437546886144503e+01
1.306397876267513993e+02 -9.895671333857471552e+01
1.296876280343591361e+02 -8.242558918677619317e+01
1.179407089465262146e+02 -1.093928191285074547e+02
-2.690487620145908920e+01 1.010080051396294181e+02
-2.664655903902468026e+01 1.220452480719380191e+02
-1.216834992971422622e+02 8.156944999235568616e+01
7.657941811990741598e+01 -4.578889323414182400e+01
1.221951772250930759e+02 8.292535150397613108e+01
4.616737712816395600e+01 -3.429495415264386082e+01
-1.334242539859220074e+02 -5.629480761196816729e+01
-1.223951612044325117e+02 -4.321785462248930543e+01
1.537691847653312891e+02 4.017166888912627343e+01
1.379900406591526689e+02 3.912412096738140121e+01
-1.066647099067543678e+02 7.164003176968876119e+01
1.226919638249968614e+02 -1.042230026991832688e+02
-1.171131736523474558e+02 -1.646432029574320666e+01
-1.072578932003041103e+02 7.902929729169908057e+01
-1.881777366710862509e+01 1.202453541739853193e+02
1.208276557709890113e+02 -9.761201047761628047e+01
-1.092916980923462091e+02 7.936497424198944373e+01
1.081061434753823960e+02 -1.146829325460215614e+02
-1.282866948198593491e+02 8.692324310377036056e+01
-1.257965330592663200e+01 1.039511291896320131e+02
1.182216148143077135e+02 -1.093663590944292139e+02
-1.189783247197474907e+02 7.986169802595827605e+01
-4.063824399643665686e+01 1.001891880825115351e+02
1.334319165997867458e+02 2.521035063204249749e+00
4.151320443391153958e+01 -5.608989418758950052e+01
1.358105379855379340e+02 -1.020309327300552411e+02
-1.283295463510876004e+02 8.707511662579150880e+01
3.971688191191599770e+01 -3.885487681490847223e+01
-2.154800427046948741e+01 1.114049018256972232e+02
-1.925921445551672662e+01 1.215502164914919518e+02
-1.237560122428376275e+02 -3.655755776733614226e+01
-1.248736238600553179e+02 -3.616875572928990579e+01
-1.366554389932861113e+02 -5.790879515590762594e+01
-3.042273977535581153e+01 -4.609251915527698884e+01
5.194693394539073239e+01 -1.023971436142866764e+01
-1.683135137161028894e+01 1.098731609992100005e+02
-3.485934559382107523e+01 1.179927556762550580e+02
1.243870336621532573e+02 7.270446892532299898e+01
1.411166568683472633e+02 4.945035591084712223e+01
4.371202589995149546e-01 -1.326548203604967169e+00
-9.804632346358449979e+01 -8.546246688447760675e+01
4.691464022298909242e+01 -1.231244790762584103e+02
-5.641836315853343109e+00 5.342151333853129103e+01
7.312261836125323100e+01 -4.012359593352287135e+01
1.384657723215650833e+02 8.137961827861174413e+01
4.371753312039301509e-01 -1.326795732587981780e+00
-9.935211105648517105e+01 -7.414395553334621525e+01
1.039442179631229024e+01 -1.251631694449360879e+02
-1.629523018231795461e+01 2.857384571333625800e+01
5.356000328666141286e+01 -4.019373861030982908e+01
1.429016583484459488e+02 6.594313568434571948e+01
4.372211706244579221e-01 -1.327001297028236992e+00
-7.695140237920274728e+01 -9.389335220895023326e+01
-1.879124084135565553e+01 -1.007190531636759232e+02
-8.685835017595927354e+00 9.006964731332881513e+01
4.948034874634261371e+01 -6.259219116579777875e+01
1.394225494267775503e+02 6.200000697343583766e+01
4.209787333399191311e+01 -5.726336342931360690e+01
5.779487142816153522e+01 -4.243660404816710496e+01
5.406583038115994810e+01 -5.340794827757876817e+01
1.640323591923957451e+02 4.947441410069832557e+01
-1.570605401138143620e+00 7.953318434554964256e+01
4.371430764899170152e-01 -1.326651003593549705e+00
3.368257656837131009e+01 -1.306119346319532610e+02
4.690617815640187160e+01 -5.012668259623210076e+01
4.365143550854282961e-01 -1.323829479544498033e+00
1.328303536551513844e+02 6.008260282272961206e+01
1.570389639936586264e+02 5.128983107466115854e+01
-5.966017695780976027e+01 -7.801605082210640774e+01
-8.155383628942917085e+01 -6.559786092395395940e+01
-8.724493943732228729e+01 -6.660253290185778496e+01
1.410528146524258943e+02 7.949664633486568732e+01
4.368907774950986922e-01 -1.325519049718641762e+00
-8.363693516271722217e+01 -6.242672269083497127e+01
3.354983741658426766e+01 -1.312372001576133584e+02
3.603846131074549675e+01 -1.163713213312145314e+02
2.974659993547500392e+01 -1.317923621343485365e+02
1.972194667575554661e+01 -1.207522462713097866e+02
5.655699953726548657e+00 8.490771658212426587e+01
-2.620160861348462333e+01 4.036287784587727856e+01
4.365750584562479442e-01 -1.324102272598661090e+00
4.326207984521915506e+01 -5.438551361543175489e+01
1.306758187288428132e+02 6.477933442714062551e+01
5.537590391062224882e+01 -2.683640906381491931e+01
-9.685378032474399390e+01 -9.455764724160223977e+01
-1.017474351918894797e+02 -4.080255054857020269e+01
1.562197478558057355e+02 5.467970305630451122e+01
1.442887153554542010e+02 6.381807672975794787e+01
4.370333713068662584e-01 -1.326158435921926060e+00
2.243011120981735118e+01 -1.329252804122914711e+02
-1.203684567685533153e+02 -4.880153541975096942e+01
4.368971688320241187e-01 -1.325547255635314725e+00
-1.134134067591717887e+01 6.066894986399756817e+01
1.564420426573681233e+01 -1.333767893379026077e+02
4.365437519338438710e-01 -1.323961994167514256e+00
2.045943120921565495e+00 -1.165590251545129661e+02
4.370004501992232893e-01 -1.326010569882180024e+00
-3.952974506834066926e+00 7.054508387865976715e+01
1.913577537731561051e+01 -1.333654516967297923e+02
-1.226402244520494520e+02 1.649709450162740509e+01
-1.545101656093098574e+00 6.485808521789644487e+01
1.577090755388442744e+02 7.114868326344394234e+01
6.717299983846305622e+01 -5.940383752983017018e+01
1.686124756674501057e+01 -1.202614380715767766e+02
4.362789042981949916e-01 -1.322773107745387255e+00
3.582213944259812877e+01 -4.224761887854861442e+01
-8.154974339513206161e+00 8.479014212405664352e+01
7.111385428854461566e+00 9.034838095818888348e+01
-8.173954104299788526e+01 -7.522461334970745384e+01
-1.056021536866913948e+02 -3.075521497567871876e+01
-8.194977002136755573e+01 -7.210476081244581792e+01
6.405238137701047663e+01 -2.171057164425624819e+01
4.553631743045138336e+01 -3.190977081682702376e+01
-6.428580966829033905e+00 6.047463699165334816e+01
-5.770584724616115935e+00 4.727041768118706244e+01
1.390628055171931976e+02 6.291362552130052421e+01
1.104194643367870015e+02 7.589802741098577599e+01
-1.057363366104391531e+02 2.036161840386757405e+01
-1.254341043078720048e+02 -1.657686398156798546e+01
7.876779853027518641e+01 -1.115570391479426604e+02
-5.520045594233750563e+01 9.548955217583394983e+01
5.457921550837767199e+01 1.978338563693548124e+01
1.759225757541775295e+02 7.400362543151847206e+01
-1.038475214032825988e+02 2.444812300455847165e+01
-1.152265018805475023e+02 -6.463814058187612455e-01
7.007515682571923321e+01 -1.237823617623658947e+02
-4.230365623992965141e+01 1.124884655054017912e+02
-5.137766529398354010e+01 -5.158490962917989009e+01
1.079169446801570160e+02 7.423341748882795343e+01
-1.046027378743861078e+02 2.468141505049286621e+01
-1.282547988717437590e+02 -4.185967796049985878e+01
8.690532503812728748e+01 -1.148618471824153460e+02
-4.959835474792262033e+01 1.092372012506791208e+02
-4.069600856140524314e+01 -5.013685598914064911e+01
1.236732897202015096e+02 7.491202098861595005e+01
4.343983678748565325e+01 3.567606514523825467e+01
-4.786704914981250880e+01 -4.750524026251538601e+01
-5.089638342996354936e+01 -5.142195442856820620e+01
1.353666960889484301e+02 3.741775122472193260e+01
-5.215789027911409903e+01 8.163034544399150150e+01
-1.267884279226581299e+02 4.538124594096429654e+00
5.007069521381855992e+01 -1.209975753066938324e+02
-4.021014349891784434e+01 -5.062758550595781770e+01
-1.244690902697274879e+02 4.726396211532350122e+00
9.790392057485399846e+01 6.763740234376693650e+01
1.266011560244618721e+02 7.586660347551580230e+01
-1.220101584358930609e+02 -6.890903111399738634e+01
-1.142031515709443994e+02 -1.571837649964123607e+01
-1.245506178565927087e+02 -4.300742983999560209e+01
9.245880918244516522e+01 8.229247369410640545e+01
-1.130656050306825335e+02 3.794857296383744938e+01
-1.266281670803310817e+02 -7.536379496385457344e+01
6.083613886628611311e+01 -1.231265034626001835e+02
7.056148314427939283e+01 -1.135823847160221618e+02
6.908217238762958345e+01 -1.165715295021033171e+02
7.229932010839134193e+01 -1.043961118079491825e+02
-3.810466786020134577e+01 6.335190463055286614e+01
-3.887150857499003109e+01 1.130890101110120156e+02
-1.136747683538150682e+02 5.318603721087248326e-01
5.329121257420194979e+01 2.836797374551079276e+00
9.370813661090052449e+01 7.668275486944340003e+01
5.518157141313551506e+01 1.418283068752339737e+01
-1.172825383695391395e+02 -4.476357409375261653e+01
-1.041250290082299301e+02 3.476785700025264436e+00
1.080765398429740287e+02 8.477755272094880468e+01
1.117182006502556391e+02 6.728095090561100733e+01
-1.155899202918589168e+02 3.902511810370980783e+01
5.520239563572622643e+01 -1.159620987007362345e+02
-1.372891016237211659e+02 -3.105132494679914501e+01
-1.068472734904498225e+02 2.425816231878811990e+01
-4.882060191745214439e+01 9.729308090147510768e+01
6.625844504257285905e+01 -1.253720165968186819e+02
-1.119208483703868779e+02 1.555268535401604524e+01
1.069930338986619347e+02 -9.858669190417209904e+01
-1.103407939400687781e+02 6.699158307798745327e+00
-1.035829667542698118e+00 6.126340523671142080e+01
1.045975126391667516e+02 -9.009795704398035809e+01
-1.144801676014481870e+02 6.476267371384643923e+00
-2.620493257493874140e+01 3.769390695092211274e+01
1.082596159028859972e+02 7.375118365505112195e+01
4.404963101726211505e+01 -3.489467511137898725e+01
8.670412380175082490e+01 -1.062740437304221217e+02
-1.154647670102245911e+02 2.214914700946276938e+01
-5.401960582496863594e+01 -5.398553483608306180e+01
-1.181312411210614677e+01 9.380858638517607062e+01
-2.836067391718999531e+01 5.653352733698755372e+01
-1.254879392384039676e+02 -3.506988106055304399e+01
-1.207022664395364444e+02 -3.426636381448640378e+01
-1.235271554970851895e+02 -2.258872313022611067e+01
-6.834124123117726413e+01 -4.638022559301169423e+01
-7.621037002781375236e+01 -5.000899228232896121e+01
6.557165055576234636e+00 1.043765023777462488e+02
-2.265008233571603569e+01 5.238082045984417334e+01
1.094042950819610667e+02 7.565384445797354829e+01
1.567672557745804340e+02 7.537446362523905918e+01
-9.918401037743871029e+01 4.662969916977695561e+01
-1.209096074870842017e+02 -1.994190336283471865e+01
9.960338321872616518e+01 -9.065303536178421950e+01
1.976393517316786230e+01 9.076927932981526226e+01
1.436239874966574703e+01 -4.644219824491216997e+01
1.547853329714109236e+02 5.933467260525203812e+01
-1.141123318506084985e+02 5.307227211298253877e+01
-1.261464670881331926e+02 -4.367815263080429844e+01
9.111383071427502500e+01 -1.040568296891745632e+02
2.319427131159401512e+01 6.795855229458388180e+01
-3.506831227176851229e+01 -4.161911281027294507e+01
1.567912115150256795e+02 7.266317230207417310e+01
-1.049521788362465458e+02 3.971591839481061470e+01
-1.293521444508162972e+02 -2.103476526621732745e+01
7.667383274679458793e+01 -1.094117403565230404e+02
9.962544924295002602e+00 8.616760283929146169e+01
-4.912574209004596781e+01 -4.260920461828752792e+01
1.388258638507071510e+02 6.806305044966910600e+01
1.931188887237340523e+01 -3.409519694970466475e+01
-6.861342504511637230e+01 -4.721769896003640810e+01
4.617555848919486117e+00 -4.876649263757366271e+01
1.240915638427114800e+02 8.385746251144144026e+01
1.234525772063802584e+01 9.846558290114802503e+01
-1.196703433019974909e+02 7.168400552098042944e+00
6.914780090827267145e+01 -1.153426303927499816e+02
-1.544762520983880094e+01 -4.375477194244263757e+01
-1.026247335287492461e+02 1.691669584618258426e+01
1.464774617725537382e+02 5.412009639797513927e+01
1.422277820223118852e+02 7.814537802803390321e+01
-1.065128711281804499e+02 -2.657045570861080819e+01
-1.429195333235427654e+02 -1.954513144469537167e+01
-1.261963843170402981e+02 -2.383002429786550991e+01
1.224330468251195612e+02 8.424431258349905249e+01
4.366196730072306464e-01 -1.324302812192821088e+00
-1.167170305920771227e+02 -7.920601173702610076e+00
6.225147300613466683e+01 -1.082300477754700410e+02
5.992728898001498550e+01 -1.121433987479293677e+02
5.731348949773281021e+01 -1.152278634766798291e+02
5.137411346910184307e+01 -1.069173024466164321e+02
1.868140113305292260e+01 8.266242498326177213e+01
1.962086964693309454e+01 7.714174193747990671e+01
-1.208307930095164977e+02 3.682067224655764903e+01
-6.840487657203154548e+00 -3.353934299082997939e+01
1.096815645432681947e+02 6.874747172027004183e+01
-1.834258070116256434e+01 -3.769588786341524411e+01
-1.391097407215665385e+02 -2.626375155908454673e+01
-1.342754124445904722e+02 -2.409415845880579710e+01
8.580838628372490007e+01 8.025175091899885160e+01
1.523028782372416288e+02 5.640761053768556366e+01
-1.131210690434065782e+02 2.870856087587328886e+01
6.252002611309926294e+01 -1.182587776087394502e+02
-8.338742131004018177e+01 -8.091509079399760651e+01
-1.079858236029793375e+02 3.230387308072028674e+01
9.411413616476243860e+00 1.222422949619742241e+02
1.026028365470717318e+02 -9.954570016064106142e+01
-1.079176296571484954e+02 3.286454818627925079e+01
8.578980051649743643e+01 -1.062345800650505510e+02
-1.018061886315491478e+02 3.386827477287367572e+01
7.650458445590820056e-02 9.285363597040642958e+01
8.619630527925349384e+01 -1.103572159169210920e+02
-1.011575268975129944e+02 3.503021368765213595e+01
2.174508253459777052e+01 1.084222738729853717e+02
1.402776278154564409e+02 6.671494557895496769e+01
1.574946178123599161e+01 -3.614539308023778119e+01
4.603272861632302693e+01 -1.237010661672168084e+02
-1.173516052873675761e+02 3.781705709933503812e+01
-5.376193217090952459e+01 -4.866548806312489717e+01
6.969500309782357128e+00 8.361344093366173524e+01
2.070687620282888375e+01 8.392444148162562101e+01
-1.406331696825563711e+02 -2.513362134504644985e+01
-4.789363876573751355e+01 -9.185768535867946127e+01
-1.325498668983326809e+02 -3.228964076495530122e+01
3.762362153678873966e+01 -4.369931014689067439e+01
-4.556922046413099281e+01 -4.463166127002239136e+01
1.858437120712644841e+01 9.094001985449457948e+01
1.218847992472671926e+01 1.259267633207261241e+02
1.169424864956893515e+02 8.023347034763681052e+01
4.368121767155933033e-01 -1.325166503079292735e+00
-1.120353773337249947e+02 -4.757610941917760528e+01
9.934137552415376149e+01 -1.000698824734628687e+02
1.641282737332021924e+01 1.098613104301244618e+02
3.611990012290453933e+01 -5.238788619812453362e+01
1.512414554249351397e+02 7.055628142000534808e+01
4.367882812477511534e-01 -1.325059249702765340e+00
-1.390672542120924504e+02 -2.140699655886525221e+01
1.025567626198078273e+02 -1.090475669854922813e+02
1.090522895811109194e+01 1.247561044651216804e+02
7.247543913049295838e+01 -5.780820033819453840e+01
1.506878366436113481e+02 6.001189468052695730e+01
4.364265022389902660e-01 -1.323436215655041659e+00
-1.115823256157112269e+02 -4.540375158263879030e+01
1.179864190422605645e+02 -9.898295261761670361e+01
5.870703478815452847e+00 1.302863304233371480e+02
8.066876772863895440e+01 -6.284079145574179392e+01
1.425705907686605372e+02 3.414520023250290848e+01
7.261618760578073761e+01 -5.136504119955529291e+01
5.275862290446460179e+01 -6.459131599675534119e+01
7.855489607761433035e+01 -6.173578406948935537e+01
1.639683668186580405e+02 6.094773296292976283e+01
-1.137431803059732971e+01 1.124302078080933001e+02
4.360402006085132287e-01 -1.321702127746956723e+00
1.139882499447984827e+02 -1.079008836736941817e+02
8.061913911596580817e+01 -6.429187578274650150e+01
4.371463366617469593e-01 -1.326665410295886138e+00
-1.223613083485469133e+02 -5.047686926714084166e+01
-1.182199814940236422e+02 -9.562821908394619186e+01
1.522951138642492026e+02 5.574406617673364650e+01
4.371299495851547756e-01 -1.326592148414721617e+00
-1.157609205233008680e+02 -7.734016606726063969e+01
9.467657091561270022e+01 -1.079600398870915399e+02
8.583610026028529205e+01 -1.103445728768591891e+02
1.039679425854813815e+02 -9.559130043250860354e+01
1.234557174260420993e+02 -8.129936611223406828e+01
-6.456475314173454549e+00 1.355451737042218383e+02
3.504295127528759046e+00 1.341248144868156089e+02
4.366515442678173820e-01 -1.324445161448311037e+00
6.527425271898270864e+01 -5.960953000643081623e+01
1.656298846302397294e+02 5.009418986509580662e+01
7.090827456867333467e+01 -5.547813503309444627e+01
-1.118513842418625046e+02 -8.214099187610752040e+01
-1.134199007373315027e+02 -8.160679555522735029e+01
1.566860196809738284e+02 7.532151687366709325e+01
1.605736611613661182e+02 5.146249987302543616e+01
4.371192630501517518e-01 -1.326544176868302616e+00
1.075441071304863243e+02 -8.301776068638223194e+01
-1.261052134037965260e+02 -3.207812663817204424e+01
4.370592891572311345e-01 -1.326275122139492613e+00
6.813869775834362486e+00 1.497660242206173109e+02
9.083145799360870853e+01 -1.091681071450264966e+02
4.373622641040078030e-01 -1.327634291379190090e+00
1.283503469695270951e+02 -7.323830022740040135e+01
4.369540293083570837e-01 -1.325802368277196885e+00
-6.145951568230183959e+00 1.361403233111630300e+02
8.134236648751917187e+01 -1.104175054460764898e+02
4.365581232604099915e-01 -1.324026103410454125e+00
-1.504032040623563660e+00 1.416939148014109549e+02
1.582512335197264406e+02 5.025165165605366724e+01
3.789500448790626308e+01 -6.168854378672880756e+01
1.187334220130950939e+02 -9.520618812217361437e+01
4.373234517661533927e-01 -1.327460207311380813e+00
7.227624857943862935e+01 -6.644873794920445675e+01
1.110074385319873436e+01 1.174559233348026197e+02
-1.294945233010772334e+01 1.151923780081764477e+02
-1.000997398422581597e+02 -8.025151966457275421e+01
-1.089697243940140794e+02 -9.715249736511813694e+01
-1.332076441103996558e+02 -4.524310827188758566e+01
7.704633103108743342e+01 -6.277389697096084120e+01
5.825577074725853777e+01 -5.479730686508457183e+01
-2.524526121438621828e+01 1.133955135457016468e+02
-2.142583146671910299e+01 9.683462129773472782e+01
1.690174406758846999e+02 6.665471117463714279e+01
1.522996799337835796e+02 6.890539889889240044e+01
-1.223858472344876418e+02 2.408497652234039421e+01
-1.144217246883002304e+02 -4.115536331499365019e+01
8.003166366295241119e+01 -1.187630270503538981e+02
-2.127381811682209189e+01 1.006429849713952933e+02
-1.198764771757691960e+01 -3.721819007781474653e+01
1.354723031825915314e+02 3.753312572851410778e+01
-1.164542148383333284e+02 1.591027077526446298e+01
-1.092289431433249973e+02 -4.485422567369045765e+01
7.791082092924180813e+01 -1.219548770378329294e+02
-2.329997414003591061e+01 1.090125309652769801e+02
1.412222040570086001e+01 -5.021132310027584111e+01
1.361797451786557360e+02 5.723088224992002182e+01
-1.015024490393655867e+02 4.415327079839421742e+01
-1.089005281004603489e+02 -8.811159142617337636e+01
7.441767518339032961e+01 -1.165112784223989308e+02
-1.050653428022921254e+01 1.045313220039887767e+02
5.970119129890179011e+01 -3.700393230972326108e+01
1.501831398806579330e+02 4.309821762029319814e+01
1.026462525682709703e+01 -3.332544144399869168e+01
-2.510843354894677759e+01 -3.913683349801362965e+01
-9.707769664189067171e+00 -3.729462146880934625e+01
1.200962194956853324e+02 6.128394911464087613e+01
-1.213528931990941295e+01 1.169190175728732299e+02
-1.135375700860706161e+02 2.084879236238730726e+01
5.568795726349564035e+01 -1.199294805661327672e+02
1.546959747989228262e+01 -5.065781973724404708e+01
-9.447688442822033039e+01 4.069142737874107496e+01
1.184639040441072524e+02 6.868821447743825104e+01
1.402976600706499255e+02 6.128308730444291541e+01
-9.688672067953577027e+01 -1.004403269784765200e+02
1.519955551796170425e+02 4.341951101326633022e+01
-1.082593547241147007e+02 9.543592411087505667e+00
-1.020720677906741543e+02 -7.481576023121890273e+01
9.625152324102573687e+01 -1.087193417730885869e+02
5.479033626034352267e+01 -1.124209983444774252e+02
1.000028628038046179e+02 -1.081344465896416409e+02
7.915439563408719437e+01 -1.126763187343193948e+02
-2.949175880641597658e+01 8.820175285482825700e+01
-2.247513655186485337e+01 6.256640885314400435e+01
-9.885030041312496962e+01 5.505957872156041333e+01
3.064397755151745173e+01 -2.942602722638003598e+01
1.418632927794701573e+02 4.792775474632570365e+01
-4.608416421940405883e+01 -4.373561430951031070e+01
-1.225907580519763513e+02 -1.022901195890636075e+02
-8.837368162158081475e+01 -1.121619222021647317e+02
1.525432423779034821e+02 4.348543913656007476e+01
1.575093059752903741e+02 5.253626738295626097e+01
-9.835642994457100485e+01 3.489657432190531949e+01
8.911525053767928739e+01 -1.182392857936775954e+02
-1.244223932287004999e+02 -5.459749526201156300e+01
-1.036995962185598472e+02 5.428492207214968346e+01
-2.280773972170327468e+01 9.918143073701077128e+01
8.410804672255331127e+01 -1.125668251228339614e+02
-1.239919938697002664e+02 3.234607445526076930e+01
-1.134961464791539143e+01 -1.006722255793106200e+02
-1.002023953189298027e+02 3.169696048262908761e+01
-4.210319861954004494e+01 8.338492755578580784e+01
8.062554472952783158e+01 -1.186641207706660879e+02
-1.020001679039851439e+02 2.515927373377182263e+01
-7.858446062450304304e+00 9.349146147285161135e+01
1.410032181297332272e+02 6.421603436026664724e+01
1.478486596035664213e+01 -4.327124296447529161e+01
7.974438585287325054e+01 -1.147144731480817654e+02
-9.843054549084044424e+01 3.138259351334686897e+01
3.541366846683158087e+01 -2.432087764143640030e+01
-8.782606022900521836e+00 1.019534226030219344e+02
-1.717768311075580101e+01 1.023826208193277267e+02
-1.317492039851935317e+02 -4.996073933832935410e+01
-1.188879289772916223e+02 -5.308136055286161081e+01
-1.024129233164859301e+02 -1.083894759997955219e+02
-2.221918226249894346e+01 -4.214194431406335184e+01
2.492412952694703776e+01 -1.168091835474745999e+01
-8.764263857898775711e+00 9.308352305289896833e+01
-4.217658228271145759e+01 7.875616817260231528e+01
1.503137066657019716e+02 4.315979084866365412e+01
1.402981303671808746e+02 5.035392175024142603e+01
-1.024817331076178561e+02 6.919829601770999261e+01
-1.178907266081929350e+02 -2.795118288958197184e+01
1.205261938616324215e+02 -1.012224478047447462e+02
9.588787056784747520e+00 8.732901838053565768e+01
5.612439382723496806e+01 -2.255179293934823193e+01
1.459595079562086823e+02 6.422435947975425563e+01
-1.050684335513773959e+02 7.304314909516516252e+01
-1.015693871420510987e+02 -4.900466537470541084e+01
4.293379127992918143e+01 -1.151064534140578814e+02
5.964847344864155687e+00 1.207193226431565733e+02
5.322850239852439103e+01 -2.592044896035023172e+01
1.382593753795828206e+02 8.104032557029367467e+01
-8.400145444635398917e+01 3.762533727853721643e+01
-1.226886464124881826e+02 -6.102812694554133088e+01
5.767571907184846225e+01 -1.207711555781586981e+02
-1.519164055478096387e+01 7.652026889319631664e+01
-4.596465996502195850e+01 -3.309798152042856856e+01
1.718114521745133061e+02 7.326487574325176411e+01
2.625174993777902444e+01 -4.575653579723311992e+01
3.669800631112534717e+01 -4.081187826106180694e+01
2.353781314812636083e+00 -4.470254067624141214e+01
1.255170645529534852e+02 8.630860370927095460e+01
1.366681490338089056e+01 1.246004051103679160e+02
-1.082482392090898742e+02 3.084547169097995933e+01
8.332589447849990449e+00 -7.774779465848921234e+01
5.606335551502704817e+01 1.037427742218895510e+01
-8.928858467658901077e+01 5.774075607848499203e+01
1.481158271165761278e+02 7.948673562082205990e+01
1.403536252545369791e+02 8.290043561704408148e+01
-1.088015402456000231e+02 -6.215649316498180355e+01
-1.194517366970291192e+02 -3.055303820632847334e+01
-1.317210567709052782e+02 -3.605567149493831636e+01
1.658469954925188574e+02 6.330807840276506937e+01
-9.857277154511537276e+01 5.597217269644982451e+01
-1.076612771038042098e+02 -3.452198436157107153e+01
5.619823246883825618e+01 -1.201011586985754036e+02
4.354061940526447927e+01 -1.068993679864494055e+02
1.192074670959608262e+01 -1.094385133774774630e+02
5.523567157464790256e+01 -1.176600392040348879e+02
1.172957195604146641e+01 1.280271108491829466e+02
3.417208103550581466e+00 9.388549060088428178e+01
-9.840270085403804501e+01 3.103546775751237874e+01
-6.067597949743531416e+01 -5.465511464913568318e+01
1.636445267308327516e+02 8.379897205716086717e+01
3.937391475795153184e+01 -3.050907542871190614e+01
-1.033354620659669365e+02 -4.668237154660781130e+01
-9.787652439814675631e+01 -7.951588094131678019e+01
1.726708783726683691e+02 7.367373736364503145e+01
1.602983664825515291e+02 6.781716876792265225e+01
-9.877956538444719570e+01 4.666382210389546259e+01
1.291720631476690251e+01 -1.034504008129697894e+02
-1.160499783771405191e+02 -5.247643671543842459e+01
-7.910923190663585558e+01 4.282207287146236041e+01
6.538153407836573727e+00 9.974683134311324295e+01
2.812625450260367543e+01 -1.110070412759432799e+02
-1.035331424919073555e+02 2.850017832425393394e+01
1.018808716706998183e+02 -1.095047094661039324e+02
-1.033170351406746050e+02 2.821089913961265694e+01
9.705582947177280317e+00 9.207469179129410008e+01
7.589141512273116064e+01 -1.191511707142793313e+02
-9.983148253174994124e+01 1.483159403898343065e+01
1.133292402302713597e+01 1.025084315453918293e+02
1.276737391884995958e+02 7.742430073315617278e+01
-3.375209365991924670e+01 -4.148199437865507377e+01
1.876842778350631491e+01 -1.045991591048967564e+02
-8.051072071751151782e+01 7.223706332855548418e+00
-4.361495565684028719e+01 -3.481827123109663802e+01
1.254755687729719682e+01 1.104862583487915799e+02
-6.224178178141427153e+00 9.752337023142850114e+01
-1.386669939379210348e+02 -2.836033488897934873e+01
-1.278177269007024250e+02 -5.068826536467204846e+01
-1.098042747036186313e+02 -6.183380393834283240e+01
-7.573147703632675132e+01 -5.307451421234992495e+01
-2.334321742556793211e+01 -5.022573630217345908e+01
1.088708757011619177e+01 1.041194365055507376e+02
-3.134279384488713305e+01 7.233895390460480712e+01
1.799660804472790119e+02 7.712740884878793679e+01
1.313819996131008168e+02 7.466224195750288573e+01
-1.349524344417008024e+02 9.473388263517215080e+01
-9.590176755436887390e+01 -1.052459525345589526e+02
6.659193642135127789e+01 -1.058032303575746056e+02
9.869533933668600767e+00 1.314125621840026099e+02
6.499018824950184126e+01 -3.306655442147888380e+01
1.226639827772876430e+02 7.709414733975147271e+01
-7.861557731988349929e+01 5.812339147679816875e+01
-1.114257366581860964e+02 -1.106618496178265332e+02
4.819879050453872793e+01 -1.060448271093767829e+02
7.807476691938289193e+00 1.426003015713129116e+02
3.323500697681077298e+01 -4.605154804308990890e+01
1.125743899267431942e+02 7.662413106579901978e+01
-1.060938938414011261e+02 9.622712935190055816e+01
-1.116090046348708000e+02 -9.129171314696216655e+01
1.145347296462784499e+02 -1.092697625221203310e+02
7.690118038674206069e+00 1.431539536769423648e+02
4.805072439358944081e+01 -1.752988190860184758e+01
1.513239953120251471e+02 4.220775992194928961e+01
4.597059220455089701e+01 -3.693771585012935077e+01
5.112203373655084704e+01 -3.132254873788740923e+01
2.762021644579259316e+01 -5.166369046013974753e+01
6.828022718386222323e+01 8.472332527428537219e+01
1.093223406852312785e+01 1.276892988997648928e+02
-1.021064881225044587e+02 4.490214142880972048e+01
8.098929764731111902e+01 -1.140138907289050536e+02
5.807165923277170805e+01 -3.350326161448200679e+01
-9.794272792451612020e+01 4.534254043881814766e+01
1.060705378260686160e+02 7.228808581924110399e+01
9.853216969576935469e+01 6.699972773335878173e+01
-8.891469886216090401e+01 -1.131715677806429170e+02
-9.843994247709666467e+01 -1.265171096536232653e+02
-1.201655996750515101e+02 -1.340577406031019621e+02
1.404082232530460033e+02 6.619463036827566782e+01
-1.170711159162460433e+02 8.192816866043739310e+01
-8.888286402544274267e+01 -1.151569690970466837e+02
3.926443702757512000e+01 -1.140426870043677070e+02
5.731957042509618105e+01 -1.227293793891818154e+02
8.589981824356240736e+01 -1.199123776689018825e+02
8.810208935298390998e+01 -1.172503162628085533e+02
4.514646739687265153e+00 1.360361370421152287e+02
1.164940200218107336e+01 1.075664201909357018e+02
-9.769664274131255866e+01 3.935390560830992968e+01
6.049018467771595908e+01 -1.832080953277448643e+01
1.388314356695287586e+02 6.877384786327337451e+01
6.079591229256551088e+01 -3.007280284045938945e+00
-1.258629971161198995e+02 -8.254412883668163659e+01
-1.140227491510668756e+02 -1.331641264869180361e+02
1.526764065002020914e+02 5.755743425755992604e+01
1.156722371028822636e+02 7.818254196394812539e+01
-1.043108134548339905e+02 7.149079982669469757e+01
7.356176708883404558e+01 -1.077728067825239862e+02
-9.910875033028234782e+01 -8.152759553452936814e+01
-1.105212593017271558e+02 5.274427180032522244e+01
1.298374651111619293e+01 1.078841081290050994e+02
3.110960635056930101e+01 -9.772384461690091939e+01
-1.027204373317987489e+02 5.155075145704505957e+01
7.932959131865746372e+01 -1.218419924867484951e+02
-1.026883411148035066e+02 5.363773524741078091e+01
5.759252950350569833e+00 1.414307770890638949e+02
8.250998611445565700e+01 -1.231952077928337559e+02
-1.046408911137928754e+02 3.690979084269483934e+01
1.029749340750669084e+01 8.495245949917973860e+01
1.101141824695699540e+02 7.229692978128628056e+01
-2.101906517772386795e+00 -4.493936558896238154e+01
9.706484742580347813e+01 -1.086893058045536122e+02
-9.992625265534401535e+01 4.092129591684687284e+01
1.444739020051986955e+01 -4.774301286079162310e+01
1.286190990915995869e+01 1.129546690987148310e+02
1.284776275853122840e+01 1.096303719357730984e+02
-1.094207628191709034e+02 -1.156194041551334095e+02
-1.072088233830339306e+02 -9.037503607494058144e+01
-1.073849001378005710e+02 -9.638242269796150197e+01
6.197357105929285837e+01 -8.470274374966093589e+00
2.418950038382022427e+01 -5.404188213255899598e+01
8.724526382710843464e+00 9.661223112396511681e+01
1.198232092477308797e+01 1.076261110168371857e+02
8.694443155899813291e+01 7.723379776456373236e+01
1.635462052525213323e+02 5.001759378255652422e+01
-1.312028448036176087e+02 9.219896263867144626e+01
-1.141255105777502763e+02 -1.944042811823282335e+01
1.191324572182848982e+02 -1.011514133530212547e+02
-9.707053729074052839e+00 6.374929306337214996e+01
3.009571787845367297e+01 -4.822297968148535574e+01
1.506458867585531323e+02 2.741944869842491528e+01
-1.434927088374139998e+02 1.012811925316518966e+02
-1.252112463580537138e+02 -1.879516589062073351e+01
1.185727304567599560e+02 -8.849932241575595526e+01
-6.048901139783107173e-01 8.086913789839721289e+01
5.648404203459045192e+01 -4.807302243114418872e+01
1.547492837800101881e+02 5.686422049019963509e+01
-1.269331319894468777e+02 8.670078549409468849e+01
-1.248045247371135957e+02 -2.306080578498807654e+01
1.081407470621982583e+02 -1.014011561934311487e+02
-1.130970582185322648e+01 6.896141609215170831e+01
6.293615152299354065e+01 -4.385940183930520675e+01
1.365529519052202545e+02 3.831333199300486569e+01
5.412482480524055717e+01 -4.576234748972584754e+01
5.012946574235985508e+01 -4.704811881624554104e+01
5.774219999880725851e+01 -5.394623151378506520e+01
1.413723772298654069e+02 3.382718510330345651e+01
1.458986500282487242e+01 9.001733349066880407e+01
-1.390597321993604396e+02 9.888936472148078849e+01
6.202405200103854099e+01 -1.089359030316662995e+02
6.608755195298668639e+01 -6.672827449874958461e+01
-1.288005152312900350e+02 1.019874477771821262e+02
1.406398458411702848e+02 4.946842343315957891e+01
1.430331567907207386e+02 4.732157394798641548e+01
-1.358356657650638510e+02 -6.555774600984943845e+01
-1.253581563562475765e+02 -2.342572942094387756e+01
-1.326639808002276766e+02 -3.249259402231230354e+01
1.513158469266504369e+02 4.086858587790859332e+01
-1.511799595627089161e+02 1.056040958525513531e+02
-1.278269340995912415e+02 -1.390968358402616900e+01
1.172284679380316561e+02 -9.880739530559328898e+01
8.515756923550424062e+01 -1.117475051817791893e+02
1.011840439865424486e+02 -9.623520044416706298e+01
7.530165135864569947e+01 -1.027165579289000306e+02
-7.491630688570007912e+00 7.876334613165896315e+01
5.760342975279887590e+00 8.044139758786506889e+01
-1.511082876020063850e+02 1.046480458806007618e+02
6.332285646239795796e+01 -5.887059449202783412e+01
1.517147651325946924e+02 4.141520500274437211e+01
5.798678103524398608e+01 -2.556666089721433366e+01
-1.329504970540201043e+02 -3.297911706257695386e+01
-1.320059596618801834e+02 -3.547784403975877865e+01
1.513996970130368425e+02 4.090653895562969922e+01
1.503107431729271468e+02 5.356788779852235649e+01
-1.533433230439763690e+02 1.019161653801829459e+02
8.795711810315027890e+01 -1.006843678569502885e+02
-1.399908793970628267e+02 -2.165645953831829829e+01
-1.405810804001129668e+02 9.904272329920613060e+01
3.549864636873869994e+00 8.789255585886240851e+01
7.955272378716567516e+01 -1.040233475529739735e+02
-1.283954338363700174e+02 8.710659846581080501e+01
6.936506483312932403e+01 -1.149381797844829265e+02
-1.455496982239911574e+02 9.780373319888352057e+01
-6.787191229294911921e+00 7.554078390770692408e+01
6.869875301261473055e+01 -1.090111148477147935e+02
-1.397050671485221471e+02 1.024045871617655052e+02
-1.010396747933137540e+01 6.912852628646739106e+01
1.477293542851412838e+02 4.265164200134411487e+01
5.830330832189005719e+01 -6.354271788065003790e+01
9.398924179990035555e+01 -1.050881378402325907e+02
-1.517913852626357425e+02 1.051951492519765310e+02
6.552843463191909734e+01 -4.936104824115660250e+01
1.190783849733403121e+00 7.914099647623714873e+01
-2.860098744852607311e+01 4.795688328811268519e+01
-1.326176252512784970e+02 -4.471462730286920362e+01
-1.127551554204985678e+02 -7.323445174700749760e+01
-1.281080547381701251e+02 -1.370889810953689292e+01
3.631042440352335632e+01 -4.605815451126796489e+01
2.241005900149996322e+01 -4.816599495086959593e+01
-5.465919698383289393e+00 7.382870987171860122e+01
2.017445544818058423e+01 8.041069603443582992e+01
1.414600493581662306e+02 5.171162567435299451e+01
9.751155814635416164e+01 6.594951927478174980e+01
-9.357532766209941144e+01 6.331070023911819078e+01
-1.176777103805319626e+02 -4.974159771442501210e+01
4.247592463987320599e+01 -1.246676620000210249e+02
-8.361967656047239572e+00 8.044134585937547399e+01
-7.070927170900411340e+01 -4.065924209737868722e+01
9.980661434888061478e+01 6.729759084553302273e+01
-8.840153557104694926e+01 3.490757708079206623e+01
-1.309253165153308771e+02 -1.061033742658817687e+02
2.082430933748424806e+01 -1.124680855048852948e+02
-2.233616203142449663e+01 8.530274800032529470e+01
-7.530796363141233485e+01 -2.869217080151879884e+01
1.090241442144251494e+02 7.393278319603356863e+01
-9.916162718928987374e+01 3.771083096262357515e+01
-1.325376485096454360e+02 -8.272447836689821088e+01
4.674915290989044792e+01 -1.081989848310430489e+02
-2.384501613203330095e+00 6.677904854951641767e+01
-1.774789017244278710e+01 -4.959596858165323852e+01
4.486905899065452985e+01 8.683065920848238761e+01
-3.484563816891770216e+01 -5.494077620701211373e+01
-2.561679335871257024e+01 -3.967392082804541076e+01
-7.409477155806234805e+01 -3.995774820219932622e+01
1.277096988785353346e+02 5.884805715383874514e+01
1.182859506890454426e+01 8.733374720619274001e+01
-1.044930549850967765e+02 4.863066639596156193e+01
1.459527989329131969e+01 -7.964373826209434526e+01
-4.346313500961377230e+01 -3.844818649347178763e+01
-1.035064864103825357e+02 4.550397597354112378e+01
7.023201795098268008e+01 8.050317596908926987e+01
1.373065496057415089e+02 8.425808446024910836e+01
-1.329671975771447876e+02 -1.313436801533325990e+02
-1.163008157539323264e+02 -3.986566496877391330e+01
-1.264874592605511907e+02 -1.318008525341860775e+02
9.591603528198675122e+01 7.955611096109342384e+01
-1.013595738816505474e+02 4.288574547112503410e+01
-1.279962570056074895e+02 -2.489862838900720021e+01
2.577443132899688649e+01 -7.506064702925627330e+01
5.728407456821233090e+00 -6.035108423849278125e+01
1.728584105702088891e+01 -8.228216270389538067e+01
2.603483658427749958e+01 -8.129105790285157696e+01
-1.182354306789260789e+01 6.404918242321120658e+01
-2.221671796606035976e+00 -1.733896276614968457e+01
-1.056865008121621514e+02 5.002050474521494294e+01
-5.979298066941154843e+01 -4.668460506680141009e+01
7.370499849477278076e+01 7.895053806243382155e+01
3.459152226738326164e+01 -3.994992009729695326e+01
-1.381652742229399280e+02 -1.196282960458897264e+02
1.413771886658483368e+02 6.776356583095886776e+01
-9.883573048949321560e+01 5.538606167683131787e+01
2.920791377395746125e+01 -1.063153649839134403e+02
-1.221891164925541631e+02 -2.186060347550166583e+01
-1.037666777666824345e+02 5.714931644258464161e+01
-7.012732645303229262e+00 5.260366657793269951e+00
3.791900840745336865e+01 -1.261175107306843870e+02
-1.025072902529816048e+02 5.350659727595448345e+01
5.728646763068555003e+01 -1.038369852274232130e+02
-9.598229461172380184e+01 5.175921180433714142e+01
6.457104076535901349e+00 9.439427155947183223e+01
4.336259915552109589e+01 -1.160383115421795850e+02
-1.047982402681896446e+02 4.891649448003364853e+01
-1.027200556499985140e+01 8.817954994115537204e+01
7.738996688697559989e+01 7.686547102880385296e+01
-4.943856411026544606e+01 -4.290632289799734167e+01
4.810640496742580297e+01 -1.213054667412482246e+02
-1.056148818789319392e+02 4.976772468410229067e+01
-1.564762166919953223e+01 -3.744858115817539357e+01
-1.050712452628002147e+01 9.035264030546434810e+01
-8.795494493116887469e+00 4.669035559159461712e+01
-1.196052000844529744e+02 -4.628085141045068518e+00
-7.679695877391704073e+01 -1.002095900589336566e+02
-7.216252225487454552e+01 -3.416389230763231666e+01
-4.637035102034363376e+01 -4.473327999407380418e+01
-4.984375259882207310e+00 -8.268087727279585408e+00
-3.902016186409724696e+00 8.819026670174558546e+01
1.392495890086497070e+02 6.619929685855831281e+01
1.442457554895195813e+02 3.244187265106359774e+01
-1.139930087617726144e+02 2.064340717933396974e+01
-1.305268089883603579e+02 -4.530147152425918478e+01
9.157234810902026823e+01 -7.521179920533518271e+01
-3.258522833102124139e+01 1.330974172809692675e+02
5.435984671062390561e+01 -1.338827987525200136e+01
1.358047989893759961e+02 2.314000146851494577e+01
-1.156110743320854226e+02 -3.615708020202461181e+00
-1.281470267308434643e+02 -2.499746283594576823e+01
5.215222895639329437e+01 -8.188975613230408612e+01
2.698416343620228641e+00 1.017983588398936803e+02
5.657760455958887746e+01 -5.650967165154463068e+00
1.406001816489067835e+02 1.598304582828737175e+01
-1.051171130775340146e+02 2.527226933132262587e+01
-1.432181540788895404e+02 -4.614104714194152734e+01
7.761895606408035064e+01 -7.085475857534358113e+01
7.573410457913788640e+00 1.067873197429360062e+02
6.137718104861822610e+01 -1.011337434444869032e+01
1.396707518979766292e+02 6.722521987756250894e+01
3.416445785652439326e+01 -3.547866391166610356e+01
4.272432062935277486e+01 -2.495579600608378712e+01
1.222709917343387431e+01 -4.981996149235122573e+01
9.427839344795567911e+01 7.544702895913123086e+01
8.934478894114567638e+00 1.072494666861466754e+02
-1.136147107634061655e+02 1.911374453609171198e+01
1.191027607281818668e+01 -8.241254113378860779e+01
5.937562313851402962e+01 3.728400741663781659e+00
-1.029904013999686185e+02 1.141443258296000884e+01
1.480284914995750114e+02 2.908021738327508032e+01
1.417709368489343262e+02 8.296817651491994638e+01
-1.346625445380730071e+02 -2.458963929142187510e+01
-1.245876222533040476e+02 -2.049750616136213566e+01
-1.355588953893787334e+02 -2.587946905534800734e+01
1.143561470746790150e+02 6.651896933142009516e+01
-1.132657980480877598e+02 2.091136796086783178e+01
-1.309400711129439969e+02 -1.610910185704189601e+01
7.132926860078167408e+01 -9.163776163905608030e+01
4.892999958987265785e+01 -9.148980667798738864e+01
1.016840251187066855e+02 -9.482679098042800092e+01
4.495252343304624532e+01 -8.869238762952680588e+01
1.070560164902894185e+00 1.124351715654446338e+02
-8.368684241393848922e+00 1.386834958428194682e+02
-1.145996820547679249e+02 2.103625170184349358e+01
4.276651152470285666e+01 -3.411955672505600745e+01
1.356734704619310889e+02 3.807138947235483784e+01
6.185228879870389562e+01 -1.151422323311115115e+01
-1.418096852580670486e+02 -4.034348425682758688e+01
-1.296768775248182806e+02 -4.595764057142974224e+01
1.442517327900667681e+02 5.063266472582366617e+01
1.470876877204195523e+02 8.992532884460667120e+00
-1.269048522837902766e+02 1.147136386258989660e+01
3.841024470153097781e+01 -9.793825035343327556e+01
-1.458521984307544415e+02 -5.570443378805224199e+01
-1.196866727301538589e+02 5.347930739245344256e+01
-3.150469647314792621e+00 1.309536838658649174e+02
4.435032667050360544e+01 -1.094312045807325973e+02
-1.193472080944500391e+02 3.218820168003602333e+01
9.849232414640609079e+01 -1.123043721678046296e+02
-1.083322669134996801e+02 1.262193619233959296e+01
7.960654525509792911e+00 1.187794360179188828e+02
7.599970184570290144e+01 -5.714791455957537636e+01
-1.247465826792840460e+02 4.234132825243808185e+00
2.790307548820089689e+00 1.198490118229350117e+02
1.167042275218148291e+02 6.264556995278721274e+01
4.965600633012503096e+01 -3.624393290692945868e+01
7.639351604841074561e+01 -1.011491391853052306e+02
-1.271976214033361856e+02 1.348276783745121854e+01
5.083032464079153812e+01 -2.258032216602261855e+01
-5.771048483959139830e+00 1.321099626867091956e+02
9.683631996288770694e+00 1.237641146416890905e+02
-1.344487762601118561e+02 -4.423119572518897513e+01
-1.272504572458264249e+02 -4.102290563062715023e+01
-1.302862517770269903e+02 -2.173638742017228154e+01
4.944600795520114644e+01 -2.312012159298416591e+01
5.515571419804822995e+01 -4.438786699777111266e+01
8.874612104864032958e+00 1.111600084812415474e+02
1.229531467361142560e+01 9.565099338043127375e+01
1.068409937042487741e+02 8.303555368454816232e+01
